Modelo: LightGBM
PR-AUC: 0.4696
Parámetros utilizados:
  n_estimators: 1800
  learning_rate: 0.018067869990858458
  num_leaves: 26
  min_child_samples: 30
  reg_alpha: 0.005330854069554935
  reg_lambda: 0.09987730382558391
  feature_fraction: 0.9170603878199113
  min_gain_to_split: 0.06584088996754021
  boosting_type: dart
  random_state: 42
  eval_metric: average-precision
  categorical_feature: ['tipo_usuario', 'canal']
  objective: binary
